%% obstacle avoidance example

p =[1.0472   -0.7854
    0.1860    1.3265
    0.2929    1.4546
    0.8031    1.7297
    1.1965    1.8769
    1.6204    1.5266
    2.0487    0.8050
    3.0027   -1.3772];

[q,v,a] = [1.0472   -0.7854         0         0   -0.0020    0.0050
    1.0436   -0.7766   -0.0038    0.0094   -0.0020    0.0050
    1.0328   -0.7500   -0.0077    0.0188   -0.0020    0.0050
    1.0160   -0.7088   -0.0093    0.0227         0         0
    0.9986   -0.6661   -0.0093    0.0227         0         0
    0.9811   -0.6234   -0.0093    0.0227         0         0
    0.9637   -0.5807   -0.0093    0.0227         0         0
    0.9463   -0.5380   -0.0093    0.0227         0         0
    0.9289   -0.4953   -0.0093    0.0227         0         0
    0.9115   -0.4526   -0.0093    0.0227         0         0
    0.8941   -0.4099   -0.0093    0.0227         0         0
    0.8767   -0.3672   -0.0093    0.0227         0         0
    0.8592   -0.3244   -0.0093    0.0227         0         0
    0.8418   -0.2817   -0.0093    0.0227         0         0
    0.8244   -0.2390   -0.0093    0.0227         0         0
    0.8070   -0.1963   -0.0093    0.0227         0         0
    0.7896   -0.1536   -0.0093    0.0227         0         0
    0.7722   -0.1109   -0.0093    0.0227         0         0
    0.7547   -0.0682   -0.0093    0.0227         0         0
    0.7373   -0.0255   -0.0093    0.0227         0         0
    0.7199    0.0172   -0.0093    0.0227         0         0
    0.7025    0.0599   -0.0093    0.0227         0         0
    0.6851    0.1027   -0.0093    0.0227         0         0
    0.6677    0.1454   -0.0093    0.0227         0         0
    0.6502    0.1881   -0.0093    0.0227         0         0
    0.6328    0.2308   -0.0093    0.0227         0         0
    0.6154    0.2735   -0.0093    0.0227         0         0
    0.5980    0.3162   -0.0093    0.0227         0         0
    0.5806    0.3589   -0.0093    0.0227         0         0
    0.5632    0.4016   -0.0093    0.0227         0         0
    0.5458    0.4443   -0.0093    0.0227         0         0
    0.5283    0.4870   -0.0093    0.0227         0         0
    0.5109    0.5298   -0.0093    0.0227         0         0
    0.4935    0.5725   -0.0093    0.0227         0         0
    0.4761    0.6152   -0.0093    0.0227         0         0
    0.4587    0.6579   -0.0093    0.0227         0         0
    0.4413    0.7006   -0.0093    0.0227         0         0
    0.4238    0.7433   -0.0093    0.0227         0         0
    0.4064    0.7860   -0.0093    0.0227         0         0
    0.3890    0.8287   -0.0093    0.0227         0         0
    0.3716    0.8714   -0.0093    0.0227         0         0
    0.3542    0.9141   -0.0093    0.0227         0         0
    0.3368    0.9569   -0.0093    0.0227         0         0
    0.3194    0.9996   -0.0093    0.0227         0         0
    0.3019    1.0423   -0.0093    0.0227         0         0
    0.2845    1.0850   -0.0093    0.0227         0         0
    0.2671    1.1277   -0.0093    0.0227         0         0
    0.2497    1.1704   -0.0093    0.0227         0         0
    0.2323    1.2131   -0.0093    0.0227         0         0
    0.2149    1.2558   -0.0093    0.0227         0         0
    0.1989    1.2978   -0.0055    0.0208    0.0050   -0.0025
    0.1974    1.3325    0.0039    0.0161    0.0050   -0.0025
    0.2129    1.3587    0.0106    0.0127         0         0
    0.2329    1.3827    0.0106    0.0127         0         0
    0.2529    1.4067    0.0106    0.0127         0         0
    0.2745    1.4311    0.0147    0.0139    0.0050    0.0014
    0.3110    1.4596    0.0241    0.0165    0.0050    0.0014
    0.3651    1.4931    0.0335    0.0191    0.0050    0.0014
    0.4341    1.5307    0.0376    0.0202         0         0
    0.5048    1.5688    0.0376    0.0202         0         0
    0.5754    1.6069    0.0376    0.0202         0         0
    0.6460    1.6450    0.0376    0.0202         0         0
    0.7167    1.6830    0.0376    0.0202         0         0
    0.7868    1.7205    0.0354    0.0178   -0.0043   -0.0050
    0.8465    1.7459    0.0297    0.0111         0         0
    0.9023    1.7668    0.0297    0.0111         0         0
    0.9582    1.7877    0.0297    0.0111         0         0
    1.0140    1.8086    0.0297    0.0111         0         0
    1.0699    1.8295    0.0297    0.0111         0         0
    1.1263    1.8448    0.0304    0.0036    0.0005   -0.0050
    1.1844    1.8428    0.0313   -0.0058    0.0005   -0.0050
    1.2442    1.8231    0.0323   -0.0152    0.0005   -0.0050
    1.3057    1.7857    0.0332   -0.0246    0.0005   -0.0050
    1.3686    1.7347    0.0335   -0.0277         0         0
    1.4316    1.6826    0.0335   -0.0277         0         0
    1.4952    1.6280    0.0347   -0.0328    0.0012   -0.0050
    1.5625    1.5575    0.0369   -0.0422    0.0012   -0.0050
    1.6340    1.4693    0.0391   -0.0516    0.0012   -0.0050
    1.7098    1.3634    0.0414   -0.0610    0.0012   -0.0050
    1.7897    1.2398    0.0436   -0.0704    0.0012   -0.0050
    1.8733    1.1005    0.0448   -0.0755         0         0
    1.9575    0.9581    0.0447   -0.0776   -0.0002   -0.0050
    2.0412    0.8033    0.0443   -0.0870   -0.0002   -0.0050
    2.1241    0.6309    0.0439   -0.0964   -0.0002   -0.0050
    2.2064    0.4441    0.0437   -0.1000         0         0
    2.2886    0.2560    0.0437   -0.1000         0         0
    2.3709    0.0679    0.0437   -0.1000         0         0
    2.4531   -0.1201    0.0437   -0.1000         0         0
    2.5353   -0.3082    0.0437   -0.1000         0         0
    2.6160   -0.4928    0.0411   -0.0940   -0.0022    0.0050
    2.6895   -0.6608    0.0370   -0.0846   -0.0022    0.0050
    2.7552   -0.8112    0.0329   -0.0752   -0.0022    0.0050
    2.8132   -0.9438    0.0288   -0.0658   -0.0022    0.0050
    2.8635   -1.0588    0.0247   -0.0564   -0.0022    0.0050
    2.9060   -1.1561    0.0206   -0.0470   -0.0022    0.0050
    2.9408   -1.2357    0.0164   -0.0376   -0.0022    0.0050
    2.9679   -1.2976    0.0123   -0.0282   -0.0022    0.0050
    2.9872   -1.3418    0.0082   -0.0188   -0.0022    0.0050
    2.9988   -1.3684    0.0041   -0.0094   -0.0022    0.0050
    3.0027   -1.3772         0         0   -0.0022    0.0050]





